2 0.1445221445221445 0.8347778981581798 0.28741587051446205 0.25027085590465875
2 0.10869693686595093 0.4642470205850488 0.20925178108276696 0.2437703141928494
6 0.32771922912767976 0.13867822318526543 0.32975475228996354 0.18418201516793065
6 0.3472602514856035 0.43011917659804977 0.24996224432844152 0.3380281690140845
6 0.3794215174496864 0.6874322860238354 0.1986670606388916 0.12892741061755153
6 0.38145704061197017 0.8992416034669556 0.17505499195640042 0.19718309859154914
0 0.7450014773958435 0.8353196099674972 0.495039233067402 0.3293607800650055
1 0.7380806986440789 0.5471289274106175 0.5186513017498933 0.22535211267605626
4 0.7739059063002725 0.2854821235102925 0.41931777143044746 0.22426868905742148
1 0.7572146163695459 0.09967497291440953 0.47224137364982427 0.09750812567713978
