2 0.3193270735524257 0.09479956663055254 0.3669796557120501 0.16793066088840738
4 0.7098591549295773 0.100216684723727 0.35492957746478865 0.16793066088840738
4 0.31220657276995306 0.2865655471289274 0.368075117370892 0.16576381365113754
1 0.718075117370892 0.28494041170097506 0.3801251956181534 0.1690140845070422
1 0.7197183098591549 0.28277356446370533 0.37683881064162755 0.16901408450704228
9 0.719170579029734 0.4696641386782232 0.3998435054773083 0.17659804983748642
0 0.2886541471048513 0.6679306608884074 0.4151799687010954 0.19176598049837495
6 0.738341158059468 0.6738894907908991 0.422848200312989 0.19501625135427944
10 0.2853677621283255 0.8791982665222102 0.4261345852895148 0.1830985915492957
8 0.7558685446009389 0.8829902491874322 0.46666666666666673 0.22101841820151677
3 0.30727699530516434 0.4729144095341279 0.3910798122065728 0.1787648970747562
