8 0.829510292524377 0.8954496208017335 0.3059544962080173 0.13759479956663057
0 0.8305200433369447 0.744312026002167 0.3039349945828819 0.13434452871072594
10 0.5018461538461538 0.9035752979414952 0.31504225352112675 0.1408450704225352
6 0.1726673889490791 0.8997833152762729 0.30696424702058506 0.15059588299024923
6 0.1756966413867822 0.7459371614301191 0.3089837486457204 0.14409534127843984
10 0.4962925243770314 0.7416034669555797 0.31605200433369446 0.15276273022751893
1 0.5003315276273023 0.5715059588299024 0.3160520043336944 0.14842903575297947
9 0.4993217768147346 0.40357529794149516 0.31605200433369446 0.15059588299024923
0 0.8278374864572048 0.5677139761646803 0.3140325027085591 0.14517876489707482
0 0.829510292524377 0.4133261105092091 0.31201300108342367 0.14626218851570968
1 0.17216251354279521 0.570964247020585 0.30191549295774645 0.14734561213434452
1 0.1726673889490791 0.4138678223185265 0.30696424702058506 0.14084507042253527
4 0.8285005417118093 0.25081256771397614 0.31807150595883 0.15492957746478872
4 0.8300151679306609 0.08938244853737812 0.3089837486457203 0.1419284940411701
2 0.5008364030335861 0.24702058504875407 0.30696424702058506 0.1516793066088841
2 0.49477789815817985 0.08829902491874324 0.31100325027085596 0.14626218851570966
5 0.16812351029252437 0.08775731310942579 0.30797399783315277 0.13867822318526543
5 0.17216251354279524 0.2475622968580715 0.3120130010834236 0.1505958829902492
