1 0.28941874322860234 0.24214517876489708 0.5383694474539544 0.41278439869989164
9 0.23594312026002165 0.732394366197183 0.1380249187432286 0.22751895991332602
1 0.08238136511375949 0.7204767063921994 0.14597399783315276 0.26652221018418215
6 0.42310780065005416 0.8066088840736728 0.198726977248104 0.2632719393282775
6 0.695544420368364 0.6267605633802816 0.29267063921993497 0.2394366197183099
2 0.8245362946912241 0.9349945828819068 0.3468689057421452 0.1300108342361864
2 0.7436002166847238 0.2833152762730228 0.19655904658721554 0.39761646803900325
1 0.44876164680390035 0.5720476706392199 0.1690985915492957 0.1300108342361863
2 0.07443228602383532 0.9377031419284941 0.11128710725893826 0.11809317443120264
2 0.24425352112676055 0.9469122426868906 0.11417768147345612 0.1061755146262189
