1 0.7385192127460168 0.5429553264604811 0.5229615745079663 0.25085910652920956
0 0.7446943663438509 0.8350515463917526 0.5106112673122982 0.32302405498281783
2 0.14720399875039047 0.8256013745704468 0.294407997500781 0.24570446735395193
2 0.10652920962199314 0.4742268041237114 0.2104758929501198 0.27491408934707906
5 0.6540247839216912 0.27835051546391754 0.18465063001145465 0.2714776632302406
1 0.7498594189315838 0.10051546391752578 0.5002811621368322 0.16666666666666669
6 0.3182963657190461 0.13917525773195877 0.3421847339373113 0.1924398625429553
6 0.3525148391127773 0.425257731958763 0.2995730500885141 0.33161512027491413
6 0.38737894407997503 0.6898625429553265 0.18077684057065505 0.12886597938144326
6 0.3886702072269083 0.8945017155912734 0.170446735395189 0.20824741743684214
